$ 1 0.000005 10.20027730826997 50 5 43 5e-11
v 80 16 80 -32 0 0 40 5 0 0 0.5
174 -320 -32 -240 80 1 10000 0.6089000000000001 Resistance
g 80 16 80 48 0 0
x -452 -59 -179 -56 4 24 resistance\scarre\sde\sfouille
a -32 80 128 80 9 5 0 1000000 1.0485844110450881 3.214285714285714 100000
r -80 -16 -80 48 0 1000
r -80 112 -80 176 0 1000
g -80 432 -80 464 0 0
x 192 71 236 74 4 24 nC1
w -80 -16 -80 -32 0
x 203 197 233 200 4 24 C2
r -80 240 -80 304 0 470
x 190 325 234 328 4 24 nC3
r -80 368 -80 432 0 330
a -32 336 128 336 9 5 0 1000000 0.5825468950250489 0.5892857142857143 100000
a -32 208 128 208 8 5 0 1000000 1.4285714285714286 0.8563439356868219 100000
r -128 96 -128 32 0 100
r -128 112 -128 176 0 330
r -128 240 -128 304 0 470
r -128 368 -128 432 0 1000
w -128 96 -128 112 0
w -128 432 -80 432 0
162 144 80 144 128 2 default-led 1 0 0 0.01
162 176 208 176 256 2 default-led 1 0 0 0.01
162 208 336 208 384 2 default-led 1 0 0 0.01
w 176 256 176 400 0
w 208 384 208 400 0
r 144 400 144 464 0 1000
r 176 400 176 464 0 1000
r 208 400 208 464 0 1000
g 208 464 208 496 0 0
x -117 -61 29 -58 4 24 comparateurs
x 458 -56 604 -53 4 24 circuit\slogique
p -48 96 -48 112 1 0 0
p -48 64 -48 80 1 0 0
p -48 192 -48 208 1 0 0
p -48 224 -48 240 1 0 0
p -48 320 -48 336 1 0 0
p -48 352 -48 368 1 0 0
p 240 208 240 224 1 0 0
p 240 80 240 96 1 0 1
p 240 336 240 352 1 0 0
p -192 32 -192 48 1 0 0
p -192 -32 -192 -16 1 0 0
w -320 -32 -192 -32 0
w -192 -32 -80 -32 0
w -48 96 -128 96 0
w -240 32 -192 32 0
w -192 32 -128 32 0
w -32 64 -48 64 0
w -32 96 -48 96 0
w -32 192 -48 192 0
w -32 224 -48 224 0
w -32 320 -48 320 0
w -32 352 -48 352 0
w 128 80 144 80 0
w 144 128 144 400 0
w 128 208 176 208 0
w 176 208 240 208 0
w 144 80 240 80 0
w 128 336 208 336 0
w 208 336 240 336 0
w 144 464 176 464 0
w 176 464 208 464 0
w -48 352 -128 352 0
w -48 320 -80 320 0
w -48 224 -128 224 0
w -48 192 -80 192 0
w -128 304 -128 352 0
w -128 352 -128 368 0
w -80 304 -80 320 0
w -80 320 -80 368 0
w -80 176 -80 192 0
w -80 192 -80 240 0
w -128 176 -128 224 0
w -128 224 -128 240 0
w -80 48 -80 64 0
w -48 64 -80 64 0
w -80 112 -80 64 0
w -80 -32 80 -32 0
153 368 96 496 96 0 2 0 5
d 800 464 848 464 2 default
w 240 208 336 208 0
w 800 464 336 464 0
162 848 464 912 464 2 default-led 1 0 0 0.01
r 912 464 992 464 0 1000
x 865 441 894 444 4 24 B1
g 1008 464 1008 496 0 0
w 992 464 1008 464 0
w 240 80 368 80 0
w 240 336 288 336 0
w 288 336 288 112 0
w 368 112 288 112 0
153 368 320 496 320 0 2 0 5
w 288 336 368 336 0
w 368 304 336 304 0
153 496 208 624 208 0 2 0 5
w 496 320 496 224 0
w 496 96 496 192 0
153 640 208 768 208 0 2 0 5
w 336 208 336 304 0
w 336 464 336 304 0
w 640 192 640 208 0
w 624 208 640 208 0
w 640 224 640 208 0
w 992 400 1008 400 0
x 865 377 894 380 4 24 B0
r 912 400 992 400 0 1000
162 848 400 912 400 2 default-led 1 0 0 0.01
d 800 400 848 400 2 default
w 1008 464 1008 400 0
w 768 208 768 400 0
w 800 400 768 400 0
x 336 -17 730 -14 4 24 (nC1\sNOR\snC3)\sNOR\s(C2\sNOR\snC3)
x 258 -4 311 -1 4 24 NOR
x 334 8 728 11 4 24 (nC1\sNOR\snC3)\sNOR\s(C2\sNOR\snC3)
x 317 2 333 5 4 50 {
x 733 1 749 4 4 50 }
